=== VAQ-mid grid v2: 5 rate points × 4 layers ===
    blk05: lr=2e-3  |  blk10/15/20: lr=1e-3  |  epochs=100

  layer |    K   e    B |    lr  bs |  S1-Acc  S2-Acc S2-mIoU |  rANS_c  rANS_s
  --------------------------------------------------------------------------------------
  blk05 |    4  32   64 |  2e-3  32 |  0.0140  0.5420  0.4002 |   55.07   58.20
  blk05 |   16  32  128 |  2e-3  32 |  0.1240  0.7640  0.6079 |  118.17  120.77
  blk05 |   64  32  192 |  2e-3  32 |  0.2480  0.8380  0.6598 |  180.70  179.76
  blk05 |   64  16  384 |  2e-3  32 |  0.2680  0.8320  0.6932 |  349.18  354.98
  blk05 |   64   8  768 |  2e-3  16 |  0.8580  0.9540  0.8008 |  619.84  608.25
  blk10 |    4  32   64 |  1e-3  32 |  0.0680  0.8720  0.7261 |   59.96   59.77
  blk10 |   16  32  128 |  1e-3  32 |  0.6500  0.9320  0.7902 |  124.20  123.22
  blk10 |   64  32  192 |  1e-3  32 |  0.8080  0.9580  0.7996 |  188.34  188.61
  blk10 |   64  16  384 |  1e-3  32 |  0.8960  0.9580  0.8021 |  376.15  378.02
  blk10 |   64   8  768 |  1e-3  16 |  0.9660  0.9760  0.8069 |  698.02  687.62
  blk15 |    4  32   64 |  1e-3  32 |  0.0060  0.8560  0.7256 |   62.44   61.88
  blk15 |   16  32  128 |  1e-3  32 |  0.4880  0.9480  0.7898 |  126.84  126.18
  blk15 |   64  32  192 |  1e-3  32 |  0.7600  0.9520  0.8083 |  190.39  190.06
  blk15 |   64  16  384 |  1e-3  32 |  0.9180  0.9580  0.8078 |  381.27  381.03
  blk15 |   64   8  768 |  1e-3  16 |  0.9660  0.9780  0.8059 |  716.20  711.29
  blk20 |    4  32   64 |  1e-3  32 |  0.0440  0.2240  0.4530 |   63.55   63.21
  blk20 |   16  32  128 |  1e-3  32 |  0.3720  0.8380  0.5975 |  126.56  124.53
  blk20 |   64  32  192 |  1e-3  32 |  0.6320  0.9080  0.6419 |  189.06  184.77
  blk20 |   64  16  384 |  1e-3  32 |  0.8400  0.9440  0.6919 |  366.43  375.82
  blk20 |   64   8  768 |  1e-3  16 |  0.9360  0.9660  0.7294 |  659.72  737.91
